2.060979008674621582e-01
1.380661129951477051e-01
1.861071139574050903e-01
4.183673858642578125e-02
2.199641019105911255e-01
1.822883188724517822e-01
-4.260043147951364517e-03
1.924324482679367065e-01
2.535033524036407471e-01
3.978826999664306641e-01
2.579316794872283936e-01
1.995787471532821655e-01
2.841354012489318848e-01
1.942180395126342773e-01
2.139986306428909302e-01
1.295433193445205688e-01
1.034899204969406128e-01
1.579576879739761353e-01
4.195139110088348389e-01
9.547352045774459839e-02
6.894841790199279785e-02
1.401536166667938232e-01
8.502992987632751465e-02
7.753431797027587891e-02
1.755105108022689819e-01
2.652217745780944824e-01
1.663868874311447144e-01
1.510724574327468872e-01
9.812948107719421387e-02
1.803830713033676147e-01
6.372251361608505249e-02
3.130068182945251465e-01
1.129925847053527832e-01
3.766227513551712036e-02
2.153123319149017334e-01
-1.926974207162857056e-02
2.183020561933517456e-01
1.471701413393020630e-01
1.565298587083816528e-01
2.169963121414184570e-01
1.593879312276840210e-01
1.235956177115440369e-01
1.315270364284515381e-01
2.161584049463272095e-01
1.209008619189262390e-01
2.316761314868927002e-01
1.329761296510696411e-01
1.774790287017822266e-01
3.074123337864875793e-02
3.366660475730895996e-01
6.586940586566925049e-02
3.091647028923034668e-01
1.844680160284042358e-01
2.840555012226104736e-01
1.768219918012619019e-01
8.146078139543533325e-02
-1.864333823323249817e-02
1.306811571121215820e-01
2.005307823419570923e-01
1.680166274309158325e-01
2.252362966537475586e-01
2.540856003761291504e-01
3.011587262153625488e-01
1.786310970783233643e-01
1.823806464672088623e-01
1.589925289154052734e-01
-9.224677458405494690e-03
3.703596070408821106e-02
2.246575355529785156e-01
1.137991845607757568e-01
1.322046071290969849e-01
0.000000000000000000e+00
2.469726055860519409e-01
1.800557523965835571e-01
1.725465953350067139e-01
3.580665886402130127e-01
1.901557743549346924e-01
3.951701521873474121e-01
0.000000000000000000e+00
1.047902479767799377e-01
