1.030784919857978821e-01
1.155026704072952271e-01
1.228641048073768616e-01
1.225254461169242859e-01
0.000000000000000000e+00
2.206835336983203888e-02
3.168371692299842834e-02
1.256278306245803833e-01
-1.204613037407398224e-02
1.322644203901290894e-01
1.331212669610977173e-01
-2.599236322566866875e-03
1.350555270910263062e-01
0.000000000000000000e+00
1.147215366363525391e-01
1.190993487834930420e-01
1.291013211011886597e-01
1.140099912881851196e-01
-3.413439262658357620e-03
1.161374598741531372e-01
1.382642388343811035e-01
1.324223726987838745e-01
1.120695248246192932e-01
7.218866795301437378e-02
1.092375218868255615e-01
1.239537298679351807e-01
1.104160472750663757e-01
1.340684145689010620e-01
1.191706582903862000e-01
3.351125419139862061e-01
1.327559500932693481e-01
7.066979259252548218e-02
1.055533215403556824e-01
6.091488990932703018e-03
0.000000000000000000e+00
3.199644619598984718e-03
1.167881190776824951e-01
4.387171939015388489e-02
2.380233108997344971e-01
1.187536343932151794e-01
1.269031763076782227e-01
7.093743234872817993e-02
1.130731329321861267e-01
1.232311949133872986e-01
1.236572787165641785e-01
2.499492913484573364e-01
1.323281377553939819e-01
1.218701973557472229e-01
-6.435479968786239624e-03
6.698300689458847046e-02
9.029184281826019287e-02
-3.923637047410011292e-02
-2.638215431943535805e-03
1.237195357680320740e-01
1.329006254673004150e-01
5.945052579045295715e-02
-3.723226115107536316e-02
1.282272934913635254e-01
1.293004006147384644e-01
-6.353203672915697098e-03
1.152241155505180359e-01
1.289507746696472168e-01
1.131221354007720947e-01
1.181679591536521912e-01
1.210083663463592529e-01
1.267079114913940430e-01
1.351191103458404541e-01
1.188986077904701233e-01
1.167951077222824097e-01
1.211566105484962463e-01
6.081450730562210083e-02
1.354891210794448853e-01
0.000000000000000000e+00
1.297983676195144653e-01
1.754016280174255371e-01
1.220699548721313477e-01
2.295501977205276489e-01
-3.324703499674797058e-02
1.230355277657508850e-01
1.220967620611190796e-01
